/*--------------------------------*- C++ -*----------------------------------*\
  =========                 |
  \\      /  F ield         | OpenFOAM: The Open Source CFD Toolbox
   \\    /   O peration     | Website:  https://openfoam.org
    \\  /    A nd           | Version:  7
     \\/     M anipulation  |
\*---------------------------------------------------------------------------*/
FoamFile
{
    version     2.0;
    format      ascii;
    class       faceList;
    location    "constant/polyMesh";
    object      faces;
}
// * * * * * * * * * * * * * * * * * * * * * * * * * * * * * * * * * * * * * //


101
(
4(2 44 45 3)
4(4 46 47 5)
4(6 48 49 7)
4(8 50 51 9)
4(10 52 53 11)
4(12 54 55 13)
4(14 56 57 15)
4(16 58 59 17)
4(18 60 61 19)
4(20 62 63 21)
4(22 64 65 23)
4(24 66 67 25)
4(26 68 69 27)
4(28 70 71 29)
4(30 72 73 31)
4(32 74 75 33)
4(34 76 77 35)
4(36 78 79 37)
4(38 80 81 39)
4(0 2 3 1)
4(2 4 5 3)
4(4 6 7 5)
4(6 8 9 7)
4(8 10 11 9)
4(10 12 13 11)
4(12 14 15 13)
4(14 16 17 15)
4(16 18 19 17)
4(18 20 21 19)
4(20 22 23 21)
4(22 24 25 23)
4(24 26 27 25)
4(26 28 29 27)
4(28 30 31 29)
4(30 32 33 31)
4(32 34 35 33)
4(34 36 37 35)
4(36 38 39 37)
4(38 40 41 39)
4(42 43 45 44)
4(44 45 47 46)
4(46 47 49 48)
4(48 49 51 50)
4(50 51 53 52)
4(52 53 55 54)
4(54 55 57 56)
4(56 57 59 58)
4(58 59 61 60)
4(60 61 63 62)
4(62 63 65 64)
4(64 65 67 66)
4(66 67 69 68)
4(68 69 71 70)
4(70 71 73 72)
4(72 73 75 74)
4(74 75 77 76)
4(76 77 79 78)
4(78 79 81 80)
4(80 81 83 82)
4(40 82 83 41)
4(0 1 43 42)
4(0 42 44 2)
4(2 44 46 4)
4(4 46 48 6)
4(6 48 50 8)
4(8 50 52 10)
4(10 52 54 12)
4(12 54 56 14)
4(14 56 58 16)
4(16 58 60 18)
4(18 60 62 20)
4(20 62 64 22)
4(22 64 66 24)
4(24 66 68 26)
4(26 68 70 28)
4(28 70 72 30)
4(30 72 74 32)
4(32 74 76 34)
4(34 76 78 36)
4(36 78 80 38)
4(38 80 82 40)
4(1 3 45 43)
4(3 5 47 45)
4(5 7 49 47)
4(7 9 51 49)
4(9 11 53 51)
4(11 13 55 53)
4(13 15 57 55)
4(15 17 59 57)
4(17 19 61 59)
4(19 21 63 61)
4(21 23 65 63)
4(23 25 67 65)
4(25 27 69 67)
4(27 29 71 69)
4(29 31 73 71)
4(31 33 75 73)
4(33 35 77 75)
4(35 37 79 77)
4(37 39 81 79)
4(39 41 83 81)
)


// ************************************************************************* //
