/*--------------------------------*- C++ -*----------------------------------*\
  =========                 |
  \\      /  F ield         | OpenFOAM: The Open Source CFD Toolbox
   \\    /   O peration     | Website:  https://openfoam.org
    \\  /    A nd           | Version:  7
     \\/     M anipulation  |
\*---------------------------------------------------------------------------*/
FoamFile
{
    version     2.0;
    format      ascii;
    class       faceList;
    location    "constant/polyMesh";
    object      faces;
}
// * * * * * * * * * * * * * * * * * * * * * * * * * * * * * * * * * * * * * //


151
(
4(2 64 65 3)
4(4 66 67 5)
4(6 68 69 7)
4(8 70 71 9)
4(10 72 73 11)
4(12 74 75 13)
4(14 76 77 15)
4(16 78 79 17)
4(18 80 81 19)
4(20 82 83 21)
4(22 84 85 23)
4(24 86 87 25)
4(26 88 89 27)
4(28 90 91 29)
4(30 92 93 31)
4(32 94 95 33)
4(34 96 97 35)
4(36 98 99 37)
4(38 100 101 39)
4(40 102 103 41)
4(42 104 105 43)
4(44 106 107 45)
4(46 108 109 47)
4(48 110 111 49)
4(50 112 113 51)
4(52 114 115 53)
4(54 116 117 55)
4(56 118 119 57)
4(58 120 121 59)
4(0 2 3 1)
4(2 4 5 3)
4(4 6 7 5)
4(6 8 9 7)
4(8 10 11 9)
4(10 12 13 11)
4(12 14 15 13)
4(14 16 17 15)
4(16 18 19 17)
4(18 20 21 19)
4(20 22 23 21)
4(22 24 25 23)
4(24 26 27 25)
4(26 28 29 27)
4(28 30 31 29)
4(30 32 33 31)
4(32 34 35 33)
4(34 36 37 35)
4(36 38 39 37)
4(38 40 41 39)
4(40 42 43 41)
4(42 44 45 43)
4(44 46 47 45)
4(46 48 49 47)
4(48 50 51 49)
4(50 52 53 51)
4(52 54 55 53)
4(54 56 57 55)
4(56 58 59 57)
4(58 60 61 59)
4(62 63 65 64)
4(64 65 67 66)
4(66 67 69 68)
4(68 69 71 70)
4(70 71 73 72)
4(72 73 75 74)
4(74 75 77 76)
4(76 77 79 78)
4(78 79 81 80)
4(80 81 83 82)
4(82 83 85 84)
4(84 85 87 86)
4(86 87 89 88)
4(88 89 91 90)
4(90 91 93 92)
4(92 93 95 94)
4(94 95 97 96)
4(96 97 99 98)
4(98 99 101 100)
4(100 101 103 102)
4(102 103 105 104)
4(104 105 107 106)
4(106 107 109 108)
4(108 109 111 110)
4(110 111 113 112)
4(112 113 115 114)
4(114 115 117 116)
4(116 117 119 118)
4(118 119 121 120)
4(120 121 123 122)
4(60 122 123 61)
4(0 1 63 62)
4(0 62 64 2)
4(2 64 66 4)
4(4 66 68 6)
4(6 68 70 8)
4(8 70 72 10)
4(10 72 74 12)
4(12 74 76 14)
4(14 76 78 16)
4(16 78 80 18)
4(18 80 82 20)
4(20 82 84 22)
4(22 84 86 24)
4(24 86 88 26)
4(26 88 90 28)
4(28 90 92 30)
4(30 92 94 32)
4(32 94 96 34)
4(34 96 98 36)
4(36 98 100 38)
4(38 100 102 40)
4(40 102 104 42)
4(42 104 106 44)
4(44 106 108 46)
4(46 108 110 48)
4(48 110 112 50)
4(50 112 114 52)
4(52 114 116 54)
4(54 116 118 56)
4(56 118 120 58)
4(58 120 122 60)
4(1 3 65 63)
4(3 5 67 65)
4(5 7 69 67)
4(7 9 71 69)
4(9 11 73 71)
4(11 13 75 73)
4(13 15 77 75)
4(15 17 79 77)
4(17 19 81 79)
4(19 21 83 81)
4(21 23 85 83)
4(23 25 87 85)
4(25 27 89 87)
4(27 29 91 89)
4(29 31 93 91)
4(31 33 95 93)
4(33 35 97 95)
4(35 37 99 97)
4(37 39 101 99)
4(39 41 103 101)
4(41 43 105 103)
4(43 45 107 105)
4(45 47 109 107)
4(47 49 111 109)
4(49 51 113 111)
4(51 53 115 113)
4(53 55 117 115)
4(55 57 119 117)
4(57 59 121 119)
4(59 61 123 121)
)


// ************************************************************************* //
