/*--------------------------------*- C++ -*----------------------------------*\
  =========                 |
  \\      /  F ield         | OpenFOAM: The Open Source CFD Toolbox
   \\    /   O peration     | Website:  https://openfoam.org
    \\  /    A nd           | Version:  7
     \\/     M anipulation  |
\*---------------------------------------------------------------------------*/
FoamFile
{
    version     2.0;
    format      ascii;
    class       vectorField;
    location    "constant/polyMesh";
    object      points;
}
// * * * * * * * * * * * * * * * * * * * * * * * * * * * * * * * * * * * * * //


124
(
(0 0 0)
(0.01 0 0)
(0 0.01 0)
(0.01 0.01 0)
(0 0.02 0)
(0.01 0.02 0)
(0 0.03 0)
(0.01 0.03 0)
(0 0.04 0)
(0.01 0.04 0)
(0 0.05 0)
(0.01 0.05 0)
(0 0.06 0)
(0.01 0.06 0)
(0 0.07 0)
(0.01 0.07 0)
(0 0.08 0)
(0.01 0.08 0)
(0 0.09 0)
(0.01 0.09 0)
(0 0.1 0)
(0.01 0.1 0)
(0 0.11 0)
(0.01 0.11 0)
(0 0.12 0)
(0.01 0.12 0)
(0 0.13 0)
(0.01 0.13 0)
(0 0.14 0)
(0.01 0.14 0)
(0 0.15 0)
(0.01 0.15 0)
(0 0.16 0)
(0.01 0.16 0)
(0 0.17 0)
(0.01 0.17 0)
(0 0.18 0)
(0.01 0.18 0)
(0 0.19 0)
(0.01 0.19 0)
(0 0.2 0)
(0.01 0.2 0)
(0 0.21 0)
(0.01 0.21 0)
(0 0.22 0)
(0.01 0.22 0)
(0 0.23 0)
(0.01 0.23 0)
(0 0.24 0)
(0.01 0.24 0)
(0 0.25 0)
(0.01 0.25 0)
(0 0.26 0)
(0.01 0.26 0)
(0 0.27 0)
(0.01 0.27 0)
(0 0.28 0)
(0.01 0.28 0)
(0 0.29 0)
(0.01 0.29 0)
(0 0.3 0)
(0.01 0.3 0)
(0 0 0.01)
(0.01 0 0.01)
(0 0.01 0.01)
(0.01 0.01 0.01)
(0 0.02 0.01)
(0.01 0.02 0.01)
(0 0.03 0.01)
(0.01 0.03 0.01)
(0 0.04 0.01)
(0.01 0.04 0.01)
(0 0.05 0.01)
(0.01 0.05 0.01)
(0 0.06 0.01)
(0.01 0.06 0.01)
(0 0.07 0.01)
(0.01 0.07 0.01)
(0 0.08 0.01)
(0.01 0.08 0.01)
(0 0.09 0.01)
(0.01 0.09 0.01)
(0 0.1 0.01)
(0.01 0.1 0.01)
(0 0.11 0.01)
(0.01 0.11 0.01)
(0 0.12 0.01)
(0.01 0.12 0.01)
(0 0.13 0.01)
(0.01 0.13 0.01)
(0 0.14 0.01)
(0.01 0.14 0.01)
(0 0.15 0.01)
(0.01 0.15 0.01)
(0 0.16 0.01)
(0.01 0.16 0.01)
(0 0.17 0.01)
(0.01 0.17 0.01)
(0 0.18 0.01)
(0.01 0.18 0.01)
(0 0.19 0.01)
(0.01 0.19 0.01)
(0 0.2 0.01)
(0.01 0.2 0.01)
(0 0.21 0.01)
(0.01 0.21 0.01)
(0 0.22 0.01)
(0.01 0.22 0.01)
(0 0.23 0.01)
(0.01 0.23 0.01)
(0 0.24 0.01)
(0.01 0.24 0.01)
(0 0.25 0.01)
(0.01 0.25 0.01)
(0 0.26 0.01)
(0.01 0.26 0.01)
(0 0.27 0.01)
(0.01 0.27 0.01)
(0 0.28 0.01)
(0.01 0.28 0.01)
(0 0.29 0.01)
(0.01 0.29 0.01)
(0 0.3 0.01)
(0.01 0.3 0.01)
)


// ************************************************************************* //
