/*--------------------------------*- C++ -*----------------------------------*\
| =========                 |                                                 |
| \\      /  F ield         | OpenFOAM: The Open Source CFD Toolbox           |
|  \\    /   O peration     | Version:  4.1                                   |
|   \\  /    A nd           | Web:      www.OpenFOAM.org                      |
|    \\/     M anipulation  |                                                 |
\*---------------------------------------------------------------------------*/
FoamFile
{
    version     2.0;
    format      ascii;
    class       faceSet;
    location    "constant/polyMesh/sets";
    object      tempset3;
}
// * * * * * * * * * * * * * * * * * * * * * * * * * * * * * * * * * * * * * //


490
(
600064 
600065 
600066 
600067 
600068 
600069 
600070 
600071 
600072 
600073 
600074 
600075 
600076 
600077 
600078 
600079 
600080 
600081 
600082 
600083 
600084 
600085 
600086 
600087 
600088 
600089 
600090 
600091 
600092 
600093 
600094 
600095 
600096 
600097 
600098 
600099 
600100 
600101 
600102 
600103 
600104 
600105 
600106 
600107 
600108 
600109 
600110 
600111 
600112 
600113 
600114 
600115 
600116 
600117 
600118 
600119 
600120 
600121 
600122 
600123 
600124 
600125 
600126 
600127 
600128 
600129 
600130 
600131 
600132 
600133 
600134 
600135 
600136 
600137 
600138 
600139 
600140 
600141 
600142 
600143 
600144 
600145 
600146 
600147 
600148 
600149 
600150 
600151 
600152 
600153 
600154 
600155 
600156 
600157 
600158 
600159 
600160 
600161 
600162 
600163 
600164 
600165 
600166 
600167 
600168 
600169 
600170 
600171 
600172 
600173 
600174 
600175 
600176 
600177 
600178 
600179 
600180 
600181 
600182 
600183 
600184 
600185 
600186 
600187 
600188 
600189 
600190 
600191 
600192 
600193 
600194 
600195 
600196 
600197 
600198 
600199 
599700 
599701 
599702 
599703 
599704 
599705 
599706 
599707 
599708 
599709 
599710 
599711 
599712 
599713 
599714 
599715 
599716 
599717 
599718 
599719 
599720 
599721 
599722 
599723 
599724 
599725 
599726 
599727 
599728 
599729 
599730 
599731 
599732 
599733 
599734 
599735 
599736 
599737 
599738 
599739 
599740 
599741 
599742 
599743 
599744 
599745 
599746 
599747 
599748 
599749 
599750 
599751 
599752 
599753 
599754 
599755 
599756 
599757 
599758 
599759 
599760 
599761 
599762 
599763 
599764 
599765 
599766 
599767 
599768 
599769 
599770 
599771 
599772 
599773 
599774 
599775 
599776 
599777 
599778 
599779 
599780 
599781 
599782 
599783 
599784 
599785 
599786 
599787 
599788 
599789 
599790 
599791 
599792 
599793 
599794 
599795 
599796 
599797 
599798 
599799 
599800 
599801 
599802 
599803 
599804 
599805 
599806 
599807 
599808 
599809 
599810 
599811 
599812 
599813 
599814 
599815 
599816 
599817 
599818 
599819 
599820 
599821 
599822 
599823 
599824 
599825 
599826 
599827 
599828 
599829 
599830 
599831 
599832 
599833 
599834 
599835 
599836 
599837 
599838 
599839 
599840 
599841 
599842 
599843 
599844 
599845 
599846 
599847 
599848 
599849 
599850 
599851 
599852 
599853 
599854 
599855 
599856 
599857 
599858 
599859 
599860 
599861 
599862 
599863 
599864 
599865 
599866 
599867 
599868 
599869 
599870 
599871 
599872 
599873 
599874 
599875 
599876 
599877 
599878 
599879 
599880 
599881 
599882 
599883 
599884 
599885 
599886 
599887 
599888 
599889 
599890 
599891 
599892 
599893 
599894 
599895 
599896 
599897 
599898 
599899 
599900 
599901 
599902 
599903 
599904 
599905 
599906 
599907 
599908 
599909 
599910 
599911 
599912 
599913 
599914 
599915 
599916 
599917 
599918 
599919 
599920 
599921 
599922 
599923 
599924 
599925 
599926 
599927 
599928 
599929 
599930 
599931 
599932 
599933 
599934 
599935 
599936 
599937 
599938 
599939 
599940 
599941 
599942 
599943 
599944 
599955 
599956 
599957 
599958 
599959 
599960 
599961 
599962 
599963 
599964 
599965 
599966 
599967 
599968 
599969 
599970 
599971 
599972 
599973 
599974 
599975 
599976 
599977 
599978 
599979 
599980 
599981 
599982 
599983 
599984 
599985 
599986 
599987 
599988 
599989 
599990 
599991 
599992 
599993 
599994 
599995 
599996 
599997 
599998 
599999 
600000 
600001 
600002 
600003 
600004 
600005 
600006 
600007 
600008 
600009 
600010 
600011 
600012 
600013 
600014 
600015 
600016 
600017 
600018 
600019 
600020 
600021 
600022 
600023 
600024 
600025 
600026 
600027 
600028 
600029 
600030 
600031 
600032 
600033 
600034 
600035 
600036 
600037 
600038 
600039 
600040 
600041 
600042 
600043 
600044 
600045 
600046 
600047 
600048 
600049 
600050 
600051 
600052 
600053 
600054 
600055 
600056 
600057 
600058 
600059 
600060 
600061 
600062 
600063 
)

// ************************************************************************* //
